9.364581375478664427e+00
2.728636875426547448e+01
2.191923176346535485e+01
2.325353664528284270e+01
2.065089313157260520e+01
2.989167496107477007e+00
2.817890497229935676e+01
2.344309366390165295e+01
1.860911878213680737e+01
2.215868737479672745e+01
2.400497037533487088e+01
1.842077798893510732e+01
1.956131074600726549e+01
2.100510069741260466e+01
4.175677689421598870e+01
2.331769034413144936e+01
2.298050169370722529e+01
2.662449630845646453e+01
1.976582152164482054e+01
3.097168641359042596e+01
2.308254800297896381e+01
2.230301217837043026e+01
3.155165338980680545e+01
3.388068576141129995e+01
3.169277089564737437e+01
1.409781080931895225e+01
2.117698183961320879e+01
3.092277299906625387e+01
2.292632988209334499e+01
3.226887677474751115e+01
1.784738272512721124e+01
2.423811395682254499e+01
2.358171368741602691e+01
2.500655167566844383e+01
1.475966483378651617e+01
2.785326534199686321e+01
2.519738793705346325e+01
2.045011687730529459e+01
2.358309133701940041e+01
9.838204249999662920e+00
4.895684421835227340e+00
2.704454057925548582e+01
2.840533968344236371e+01
2.024754439256548366e+01
1.952958177237865556e+01
1.256431330990650963e+00
3.989081684594856370e+01
2.545984425743591473e+01
3.079493094184342539e+01
1.740223121025378816e+01
1.676562867960086223e+01
3.873355419154533763e+01
1.816958607731182340e+01
1.997054367339530145e+01
1.677201583360844239e+01
2.110877228069270473e+01
1.807249456063840753e+01
2.195402324857686693e+01
1.439021031332401179e+01
1.722138929319716283e+01
1.390725075285967094e+01
2.832332977411166652e+01
2.406226979983515335e+01
2.507200830720166351e+01
1.606425071706402363e+01
1.447392181247528953e+01
3.373159109944724321e+01
1.725734212340112350e+01
2.438846246657482908e+01
2.125980121379254939e+01
2.822614382422182189e+01
2.463053879831062787e+01
1.805444736061788547e+01
4.182721118546005812e+00
3.525457028952423144e+01
2.452212887987158751e+01
2.769549703137272445e+01
2.530014203165638520e+01
1.556867379451523803e+01
3.208882672852409712e+01
1.945506191060817613e+01
2.288627654801357991e+01
2.227884787891516893e+01
9.005611075559063039e+00
1.748001352612842041e+01
2.989621316333925449e+01
2.697678717226677136e+01
4.789922564631041269e+00
1.867828489772584533e+01
1.921808250240996330e+01
2.057480223409411124e+01
2.038918008554978201e+01
2.047102262065173051e+01
1.384028295769021177e+01
1.996463217240395949e+01
2.671428810887265115e+01
3.900691370759719234e+01
1.678307885899252128e+01
3.234294981337294672e+01
2.558851061718795705e+01
2.561470428119135079e+01
2.193090558342688468e+01
2.394843373690348898e+01
2.956316370158709361e+01
1.746566235814391277e+01
2.466122670262124927e+01
2.111024727505417786e+01
3.645069158193781789e+01
2.227454243388466892e+01
1.621384184896516700e+01
2.712801923241357471e+01
-2.075780393005587143e+00
1.374194136284749490e+01
1.388885168647331447e+01
3.557347386535327871e+01
2.073661919425357070e+01
2.235424303872258633e+01
2.395905522384357766e+01
2.134002758703074676e+01
1.858216254916366239e+01
1.469574761635009885e+01
3.256404338474585813e+01
2.128172397588397757e+01
2.252548896424749714e+01
2.009283558774628276e+01
2.044076911872782176e+01
1.445231028141948570e+01
